48
48
34
38
28
40
30
42
29
35
34
50
49
51
38
44
38
42
37
47
41
55
55
61
49
53
37
39
49
42
44
44
40
56
59
53
61
51
48
55
60
59
58
41
50
55
51
33
62
52
46
51
53
68
63
47
40
52
51
59
46
47
49
49
48
53
53
37
53
59
45
49
50
49
56
56
63
42
47
50
61
39
55
54
43
50
42
57
50
54
51
42
44
52
57
50
53
52
58
42
51
61
55
62
58
56
51
53
51
47
33
56
38
46
53
52
49
54
43
43
53
51
39
61
39
59
55
56
45
47
45
44
54
41
47
40
49
32
40
40
44
35
47
60
47
55
48
49
68
59
61
37
58
38
49
48
55
44
45
46
62
58
41
38
47
43
53
45
43
36
53
49
42
56
53
47
56
60
47
55
54
51
46
45
47
46
45
50
60
52
37
55
52
53
40
45
47
49
56
45
52
49
50
45
43
44
44
43
69
57
51
52
54
57
44
66
50
42
41
61
60
47
56
49
60
50
61
51
51
56
63
37
47
55
59
55
54
51
44
45
49
51
51
40
43
53
53
42
41
50
51
41
46
60
51
42
49
39
48
48
46
56
61
57
38
53
69
50
37
56
42
59
50
60
44
48
54
55
53
45
51
40
56
52
52
49
42
49
59
56
42
55
42
61
36
58
56
58
49
31
51
44
48
53
35
56
43
37
52
48
58
50
57
51
43
48
68
47
58
41
45
50
55
48
51
50
41
59
45
43
50
58
45
58
60
47
47
52
56
38
58
67
57
46
50
54
47
33
54
59
49
46
52
42
48
43
57
52
58
40
48
54
53
61
62
50
53
51
56
48
46
44
75
58
53
53
46
59
48
44
54
44
49
46
52
43
57
39
47
56
63
49
45
49
51
41
48
43
45
46
46
46
35
48
59
40
47
35
48
38
59
42
48
46
53
44
70
48
57
43
60
50
55
39
43
39
43
41
48
52
44
39
45
54
58
33
59
43
58
52
46
48
44
38
52
53
50
41
53
29
47
50
57
43
51
43
50
35
59
41
47
46
51
39
47
36
48
31
44
55
42
42
39
46
66
48
34
56
47
39
60
43
50
42
48
62
50
33
56
23
46
38
43
45
36
46
46
50
59
53
32
52
60
39
46
36
59
31
45
45
31
53
48
52
46
59
64
63
57
46
60
57
61
53
60
46
64
44
42
48
45
43
53
48
62
43
47
46
61
48
64
57
50
54
57
53
54
49
59
42
58
46
50
55
65
39
49
57
31
50
52
50
47
35
49
47
52
40
52
60
44
41
46
54
48
52
60
54
38
42
44
40
41
51
43
44
47
36
49
41
46
36
54
44
67
47
68
43
46
40
56
30
54
37
46
44
40
51
39
49
42
39
52
46
60
53
47
46
46
35
51
52
45
46
60
47
61
42
63
47
47
46
49
48
45
50
64
40
62
36
46
46
40
45
64
36
41
49
46
40
44
57
47
48
44
39
47
49
36
43
50
45
57
48
51
52
37
40
57
37
45
39
52
55
57
35
54
46
46
40
51
51
48
46
46
40
34
49
51
41
36
44
46
44
53
48
56
47
44
38
58
48
59
37
53
36
59
31
60
36
47
32
41
30
38
38
43
43
32
30
37
42
53
37
49
43
46
52
43
31
46
44
51
46
39
36
60
45
59
36
53
33
50
45
49
47
34
46
57
50
55
49
47
38
44
48
41
47
39
28
41
49
47
45
50
37
57
43
46
37
49
29
45
33
42
41
36
36
42
41
52
44
52
30
52
39
40
36
56
44
41
25
41
27
44
54
56
27
43
38
35
36
32
30
44
40
45
34
41
38
32
21
35
33
42
20
35
29
34
31
34
31
36
24
37
25
49
31
43
38
39
40
34
33
34
26
34
33
49
31
46
33
36
36
35
45
32
35
42
43
47
32
44
37
29
35
27
35
42
40
44
40
35
37
50
24
45
38
54
31
39
40
48
39
48
32
45
41
39
36
44
36
38
32
34
32
39
38
51
43
32
33
31
37
46
40
45
32
36
21
27
26
34
21
35
26
42
45
39
30
31
27
41
26
45
35
39
32
30
33
30
36
36
39
39
28
30
34
41
38
33
34
30
28
33
25
29
29
36
28
34
21
37
25
30
24
42
31
37
29
36
30
32
30
28
39
44
34
36
26
47
28
42
26
30
22
42
31
38
39
27
32
29
34
26
25
37
35
36
37
44
38
40
35
41
44
36
24
41
24
29
20
40
39
42
29
33
36
43
33
30
25
37
33
34
34
38
32
33
30
35
32
44
