41
35
41
31
39
47
40
30
46
41
35
37
35
35
29
39
36
39
29
43
26
35
38
33
37
26
32
35
27
27
29
42
27
25
37
34
34
34
38
36
41
31
25
38
22
41
33
38
40
38
31
50
36
35
31
38
40
40
52
32
37
31
30
45
31
35
36
39
48
31
51
45
37
35
34
45
39
27
28
21
41
40
24
38
33
26
41
31
24
45
28
37
24
23
20
23
31
33
32
33
30
38
28
30
28
29
29
33
25
29
34
30
27
27
28
38
25
21
34
21
27
24
21
22
30
27
30
27
24
20
23
24
26
22
28
30
13
22
19
27
26
27
19
24
29
25
34
23
22
24
24
33
29
35
34
31
28
21
29
32
31
38
22
26
21
20
24
29
24
17
23
24
30
31
27
22
24
29
27
12
29
33
30
23
31
25
31
26
27
23
19
32
22
31
28
19
25
30
34
24
21
23
25
25
27
25
22
22
25
27
11
19
33
20
37
16
33
24
25
36
19
29
15
28
17
16
16
23
29
17
19
26
22
27
21
22
22
25
14
11
25
20
17
13
27
20
21
24
22
18
19
22
18
25
30
21
14
22
28
29
27
27
23
22
20
28
19
22
29
25
23
27
16
22
21
23
19
23
27
16
16
19
17
20
32
20
19
18
26
17
28
21
17
22
20
23
24
15
24
29
17
23
21
20
21
30
25
25
19
25
23
21
34
25
28
29
31
25
30
33
29
30
30
22
23
26
26
38
21
27
23
25
16
26
22
22
23
18
25
29
29
29
17
22
23
23
24
17
19
27
23
20
19
21
23
21
23
16
30
23
27
23
32
28
35
27
23
23
32
25
32
29
25
29
31
25
27
30
28
30
34
25
41
26
39
37
42
16
25
23
33
23
24
38
35
29
33
25
29
31
28
33
28
33
29
25
26
35
31
38
42
30
42
31
48
35
55
46
45
42
52
45
63
44
51
44
58
58
52
52
50
48
51
40
58
42
51
50
43
37
53
41
51
52
55
44
53
40
43
37
31
38
38
40
44
36
60
40
43
42
44
50
48
34
41
40
45
32
54
51
59
58
51
53
59
40
50
62
62
58
67
53
52
49
58
50
59
43
58
46
64
47
55
46
62
55
49
47
52
45
54
37
43
49
54
66
47
48
43
50
53
50
45
56
57
46
56
54
67
58
56
44
54
47
61
56
56
83
71
89
63
65
87
70
67
58
69
85
61
71
70
68
66
81
66
64
57
56
58
61
46
54
66
56
61
63
53
56
48
46
53
61
50
49
59
50
40
39
37
55
44
57
43
53
60
69
70
55
58
58
65
65
70
69
66
67
75
70
65
58
69
62
70
55
48
54
61
46
63
58
50
64
53
73
38
62
61
60
48
54
50
48
52
63
67
65
62
82
62
53
64
56
64
59
65
67
67
79
60
68
63
68
78
78
79
84
67
84
74
71
74
86
80
75
69
71
57
81
57
101
85
79
83
80
56
76
58
75
71
77
67
66
61
71
60
56
57
65
60
45
63
71
60
57
43
54
55
54
68
58
61
60
54
53
60
56
59
59
63
63
63
58
63
74
71
66
78
66
66
78
54
78
60
74
57
71
53
55
48
48
52
58
56
58
62
52
63
44
57
62
69
44
60
45
51
50
64
58
50
71
80
71
66
67
63
86
58
72
64
53
71
75
78
73
91
86
76
78
75
80
90
83
73
86
92
75
77
70
95
74
70
71
78
73
82
83
68
61
62
58
78
59
61
50
61
57
61
70
62
54
60
51
51
48
59
56
68
53
63
44
66
54
57
57
63
58
57
72
56
73
65
47
58
70
62
54
50
65
65
65
63
69
49
56
63
51
53
47
61
64
43
51
55
52
49
53
53
53
63
40
53
59
62
52
63
64
59
66
53
62
57
72
78
81
61
61
60
64
64
73
60
71
76
71
63
80
81
48
60
71
75
76
64
68
81
55
73
69
75
69
68
68
61
54
59
57
69
60
66
67
55
63
45
57
58
54
61
49
53
57
50
49
50
53
49
40
49
45
49
54
51
44
42
46
44
52
42
52
45
55
58
53
46
61
51
46
57
53
42
40
47
40
43
44
53
64
42
52
37
42
37
46
44
46
34
51
29
42
37
49
37
35
40
64
47
52
53
37
41
46
46
45
58
49
43
43
63
59
41
72
60
50
46
59
57
51
64
58
52
62
54
61
64
54
55
57
51
58
51
48
40
55
48
43
54
54
54
38
39
41
41
47
48
33
39
38
36
41
56
38
47
51
30
49
40
49
41
42
40
41
50
28
36
