41
32
41
53
82
44
22
23
46
53
45
45
19
40
57
62
39
25
31
69
51
64
24
29
87
45
51
24
20
59
56
81
37
16
55
60
56
41
28
30
61
71
46
29
17
47
54
54
50
17
40
65
51
41
30
25
40
70
41
30
25
43
78
50
48
29
31
86
62
35
23
24
69
61
51
24
22
56
63
52
26
19
32
71
73
35
25
38
50
54
48
31
20
66
67
53
28
22
58
54
73
22
22
58
82
65
38
29
32
46
90
35
21
23
37
63
57
31
18
52
79
53
31
28
37
70
61
41
13
38
67
48
51
28
25
44
79
78
26
18
28
55
59
57
35
23
58
64
53
23
19
62
60
71
35
29
42
50
47
48
23
23
66
73
34
27
20
62
56
69
31
20
51
79
61
41
26
28
55
70
45
20
29
50
60
53
45
23
40
69
64
35
27
29
75
70
52
33
18
71
62
58
24
16
59
66
76
29
29
42
73
63
55
26
23
64
58
52
29
24
43
68
69
38
14
52
64
69
30
28
29
50
86
47
21
25
54
66
61
31
21
53
84
63
40
30
25
58
78
50
27
23
44
56
46
40
16
34
56
61
34
37
25
61
53
51
28
17
61
71
47
32
17
67
71
64
42
26
63
63
62
38
30
35
63
76
42
38
25
47
63
67
40
22
37
63
51
36
19
25
43
73
43
26
22
57
71
49
34
28
60
81
53
36
22
29
58
60
61
24
29
65
60
61
37
17
53
60
80
25
17
35
61
72
39
24
16
58
53
37
25
29
64
60
61
31
20
51
59
63
49
22
31
50
77
37
27
31
48
66
57
39
28
37
74
59
41
21
23
70
50
57
19
26
61
52
42
33
23
45
75
64
32
23
31
58
66
55
32
23
68
66
44
38
17
49
43
55
39
21
44
62
65
56
24
23
48
80
37
33
25
54
58
45
37
22
51
78
49
41
31
39
69
68
60
30
26
54
48
54
27
29
42
85
72
43
11
33
70
48
55
29
22
67
50
57
20
20
50
65
60
34
23
45
54
65
47
17
27
54
78
46
30
21
46
60
57
35
27
42
67
47
40
31
30
37
74
46
24
33
53
78
50
51
27
38
75
63
35
25
35
67
61
58
25
23
83
57
55
31
27
51
67
71
27
19
30
53
57
54
22
21
66
86
42
28
23
59
54
75
33
25
52
53
63
52
12
32
61
73
64
24
34
49
71
54
45
30
44
67
53
47
25
16
58
58
60
19
27
56
58
42
41
27
48
80
61
38
19
29
54
68
58
31
24
85
50
40
33
26
58
63
76
37
19
45
52
70
39
30
28
61
86
29
28
30
49
59
66
40
24
43
68
43
28
23
34
57
78
49
24
30
56
57
40
35
20
36
57
66
39
22
25
65
54
54
21
29
63
44
46
28
19
51
71
63
27
28
48
62
57
38
20
23
56
64
42
33
24
46
61
68
38
25
48
64
56
41
30
29
59
75
53
30
29
47
66
53
36
22
43
71
53
47
23
33
65
61
59
27
16
47
62
52
38
21
40
58
64
26
32
35
63
44
40
29
27
70
71
43
30
21
52
57
81
25
27
51
65
50
41
22
23
56
75
49
21
19
45
63
63
32
19
41
78
52
35
22
26
60
83
63
28
26
56
55
49
39
22
43
101
57
29
27
28
62
51
54
33
17
70
51
46
23
32
40
57
48
35
16
46
48
73
41
24
23
46
75
44
34
23
55
53
59
36
13
58
67
53
42
25
27
39
95
46
27
30
50
54
49
31
27
38
80
52
37
25
38
66
57
64
29
22
56
44
45
41
23
54
77
60
27
35
42
64
57
44
38
19
81
63
64
30
20
50
55
69
41
22
58
62
65
47
27
25
53
83
40
26
21
43
74
58
30
25
55
84
53
40
19
42
55
62
72
22
21
58
52
44
21
23
50
83
81
35
33
33
48
56
51
34
23
69
58
42
31
18
62
45
75
38
17
52
48
58
33
24
32
56
91
51
27
21
55
59
60
38
21
50
60
64
51
27
30
44
71
58
23
30
45
74
49
37
22
44
71
59
29
25
33
70
62
62
23
25
89
69
53
45
16
58
61
71
42
15
31
38
58
54
20
21
57
72
37
29
15
58
58
68
40
11
50
56
49
49
33
25
49
92
52
22
28
66
78
49
35
14
40
74
40
31
34
23
65
59
46
26
25
54
58
44
24
22
41
76
60
37
15
26
46
63
48
21
19
71
80
40
33
28
53
60
68
32
22
44
67
54
36
27
27
53
78
37
25
25
52
63
55
52
18
53
68
55
